0.0902 0.2690 1 
0.2962 0.0697 1 
0.1472 0.1856 1 
0.1989 0.1818 1 
0.1619 0.2285 1 
0.1931 0.2549 1 
0.2047 0.2394 1 
0.0609 0.1103 1 
0.3496 0.1067 1 
0.2525 0.2539 1 
0.1452 0.3705 1 
0.2142 0.2516 1 
0.2582 0.0687 1 
0.0000 0.1668 1 
0.2252 0.2299 1 
0.1240 0.2975 1 
0.2438 0.1689 1 
0.1556 0.2654 1 
0.0538 0.1519 1 
0.2431 0.1419 1 
0.2653 0.2286 1 
0.1269 0.1416 1 
0.2574 0.3660 1 
0.2448 0.2711 1 
0.0901 0.2039 1 
0.1364 0.7663 1 
0.3620 0.8441 1 
0.0119 0.7999 1 
0.0523 0.8042 1 
0.2580 0.8219 1 
0.3831 0.8177 1 
0.3349 0.8492 1 
0.3672 0.9987 1 
0.1209 0.7077 1 
0.2097 0.8957 1 
0.1889 0.8486 1 
0.3480 0.7506 1 
0.1830 0.8217 1 
0.0866 0.8116 1 
0.3052 0.6927 1 
0.1412 0.6891 1 
0.1337 0.7618 1 
0.1958 0.7386 1 
0.2756 0.9146 1 
0.2956 0.7931 1 
0.0928 0.8304 1 
0.1823 0.7609 1 
0.1539 0.7021 1 
0.0030 0.9024 1 
0.1897 0.7067 1 
0.8510 0.3547 1 
0.7038 0.3263 1 
0.7246 0.2069 1 
0.7590 0.3777 1 
0.8175 0.2770 1 
0.8869 0.2814 1 
0.7396 0.1480 1 
0.7044 0.2208 1 
0.8590 0.0838 1 
0.9737 0.0683 1 
0.6822 0.3444 1 
0.7357 0.1887 1 
0.8855 0.1773 1 
0.8188 0.1137 1 
0.7686 0.3057 1 
0.9551 0.3439 1 
0.9788 0.2190 1 
0.7200 0.0997 1 
0.8930 0.2511 1 
0.7909 0.2158 1 
0.6330 0.2632 1 
0.7459 0.2783 1 
0.8189 0.2253 1 
0.7779 0.2660 1 
0.8897 0.1033 1 
0.7559 0.7985 1 
0.8217 0.6893 1 
0.9319 0.8400 1 
0.8873 0.7189 1 
0.8818 0.8665 1 
0.7385 0.7779 1 
0.7736 0.8976 1 
0.8077 0.7634 1 
0.6870 0.8106 1 
0.9222 0.8117 1 
0.8717 0.7477 1 
0.8273 0.9289 1 
0.6844 0.9535 1 
0.6445 0.8764 1 
0.7974 0.7302 1 
0.8847 0.8514 1 
0.6600 0.8513 1 
0.6744 0.7515 1 
0.7249 0.8469 1 
0.8496 0.8346 1 
0.9716 0.7389 1 
0.8386 0.7856 1 
0.8915 0.8043 1 
0.8428 0.7575 1 
0.7466 0.8522 1 
0.8143 0.5887 2 
0.5533 0.5493 2 
0.4653 0.6214 2 
0.6737 0.5399 2 
0.4755 0.5915 2 
0.3661 0.5083 2 
0.8016 0.5192 2 
0.4107 0.5648 2 
0.2988 0.5136 2 
0.5119 0.4503 2 
0.9834 0.5201 2 
0.5640 0.5521 2 
0.8392 0.5134 2 
0.7772 0.4676 2 
0.1332 0.5733 2 
0.5059 0.4930 2 
0.1408 0.5054 2 
0.6990 0.4454 2 
0.5031 0.5944 2 
0.3983 0.4703 2 
0.3956 0.5292 2 
0.5935 0.5255 2 
0.3086 0.5060 2 
0.2488 0.4502 2 
0.3561 0.4977 2 
0.3461 0.5444 2 
0.7032 0.5949 2 
0.2358 0.5684 2 
0.6155 0.5313 2 
1.0000 0.4854 2 
0.8344 0.5514 2 
0.8837 0.6746 2 
0.8724 0.4701 2 
0.7948 0.5374 2 
0.8239 0.6233 2 
0.0566 0.4951 2 
0.4892 0.6156 2 
0.6544 0.4623 2 
0.3304 0.5528 2 
0.3431 0.5531 2 
0.7387 0.4991 2 
0.4503 0.6102 2 
0.0842 0.4683 2 
0.9228 0.6112 2 
0.6262 0.5184 2 
0.4470 0.5504 2 
0.3897 0.4966 2 
0.4692 0.4133 2 
0.8311 0.5247 2 
0.6740 0.5383 2 
0.6484 0.7466 2 
0.4339 0.6054 2 
0.4154 0.6172 2 
0.5359 0.5659 2 
0.4469 0.5430 2 
0.4824 0.9477 2 
0.4347 0.5128 2 
0.5459 0.7060 2 
0.5934 0.4977 2 
0.5068 0.4199 2 
0.4280 0.5098 2 
0.4343 0.5832 2 
0.5474 0.2817 2 
0.5411 0.3724 2 
0.4005 0.2314 2 
0.6008 0.7255 2 
0.6352 1.0000 2 
0.4771 0.5672 2 
0.5200 0.7388 2 
0.5629 0.5807 2 
0.6064 0.5329 2 
0.5738 0.1506 2 
0.6119 0.6125 2 
0.4909 0.5871 2 
0.5050 0.2814 2 
0.4784 0.3855 2 
0.2655 0.2685 2 
0.3458 0.6498 2 
0.4509 0.5433 2 
0.5088 0.5415 2 
0.3932 0.7691 2 
0.5313 0.7802 2 
0.4285 0.6941 2 
0.3903 0.4089 2 
0.5675 0.2185 2 
0.3749 0.7395 2 
0.4983 0.3113 2 
0.4394 0.7473 2 
0.4419 0.9173 2 
0.5952 0.7574 2 
0.5325 0.7068 2 
0.4509 0.0853 2 
0.5236 0.3460 2 
0.3718 0.5199 2 
0.5526 0.4095 2 
0.6031 0.4165 2 
0.4777 0.0000 2 
0.5577 0.9503 2 
0.5370 0.4896 2 
0.4163 0.7219 2 
